Sample	total_reads	paired_total	paired_aligned_none	paired_aligned_one	paired_aligned_multi	paired_aligned_discord_one	paired_aligned_mate_none	paired_aligned_mate_one	paired_aligned_mate_multi	overall_alignment_rate	paired_aligned_mate_multi_halved	paired_aligned_mate_none_halved	paired_aligned_mate_one_halved
SRR12223699_SRP271933_Undaria_pinnatifida_individual_10_2016-04-05_INTRO_Fr_Thau_5_France	86797862	86797862	51005640	21349006	14443216	21535920	12781156	10143217	36015067	92.64	18007533.5	6390578.0	5071608.5
SRR12223700_SRP271933_Undaria_pinnatifida_individual_9_2016-04-05_INTRO_Fr_Thau_4_France	81521977	81521977	46755743	21046391	13719843	20503093	8730798	9355367	34419135	94.65	17209567.5	4365399.0	4677683.5
SRR12223701_SRP271933_Undaria_pinnatifida_individual_8_2016-04-05_INTRO_Fr_Thau_3_France	79317616	79317616	50236936	16963485	12117195	22079636	10411642	9964220	35938738	93.44	17969369.0	5205821.0	4982110.0
SRR12223702_SRP271933_Undaria_pinnatifida_individual_7_2016-04-05_INTRO_Fr_Thau_2_France	81422404	81422404	49332867	18682513	13407024	21401530	9885555	9972325	36004794	93.93	18002397.0	4942777.5	4986162.5
SRR12223703_SRP271933_Undaria_pinnatifida_individual_6_2016-04-05_INTRO_Fr_Thau_1_France	92429178	92429178	58865555	19816091	13747532	26140513	11790975	11315116	42343993	93.62	21171996.5	5895487.5	5657558.0
SRR12223704_SRP271933_Undaria_pinnatifida_individual_41_2018-01-04_NAT_Kr_Goseong_5_South_Korea	85732878	85732878	43449593	26110801	16172484	18022807	10969084	8881649	31002839	93.6	15501419.5	5484542.0	4440824.5
SRR12223705_SRP271933_Undaria_pinnatifida_individual_5_2016-04-19_INTRO_Fr_Roscoff_5_France	82344581	82344581	49843139	19488197	13013245	22215731	8891997	9563675	36799144	94.6	18399572.0	4445998.5	4781837.5
SRR12223706_SRP271933_Undaria_pinnatifida_individual_40_2018-01-04_NAT_Kr_Goseong_4_South_Korea	91650551	91650551	48163100	26866693	16620758	20171380	12188228	9844469	33950743	93.35	16975371.5	6094114.0	4922234.5
SRR12223707_SRP271933_Undaria_pinnatifida_individual_39_2018-01-04_NAT_Kr_Goseong_3_South_Korea	85288694	85288694	46721971	23591903	14974820	19455886	11380530	9517993	33633647	93.33	16816823.5	5690265.0	4758996.5
SRR12223708_SRP271933_Undaria_pinnatifida_individual_38_2018-01-04_NAT_Kr_Goseong_2_South_Korea	82519973	82519973	44892842	23283554	14343577	19093426	10514007	9180067	31904758	93.63	15952379.0	5257003.5	4590033.5
SRR12223709_SRP271933_Undaria_pinnatifida_individual_37_2018-01-04_NAT_Kr_Goseong_1_South_Korea	84403710	84403710	43763649	24961249	15678812	18096603	11197510	8977234	31159348	93.37	15579674.0	5598755.0	4488617.0
SRR12223710_SRP271933_Undaria_pinnatifida_individual_36_2017-12-19_NAT_Kr_Tongyeong_5_South_Korea	88492463	88492463	45822916	25715746	16953801	19605020	9459063	9094956	33881773	94.66	16940886.5	4729531.5	4547478.0
SRR12223711_SRP271933_Undaria_pinnatifida_individual_35_2017-12-19_NAT_Kr_Tongyeong_4_South_Korea	84245004	84245004	43848091	24849377	15547536	18992650	9244881	8635279	31830722	94.51	15915361.0	4622440.5	4317639.5
SRR12223712bowtie2	84141170	84141170	44754406	23466875	15919889	18434898	12057998	8494058	32086960	92.83	16043480.0	6028999.0	4247029.0
SRR12223713_SRP271933_Undaria_pinnatifida_individual_33_2017-12-19_NAT_Kr_Tongyeong_2_South_Korea	84609684	84609684	44108214	25307171	15194299	19860420	8977142	8659245	30859201	94.69	15429600.5	4488571.0	4329622.5
SRR12223714_SRP271933_Undaria_pinnatifida_individual_32_2017-12-19_NAT_Kr_Tongyeong_1_South_Korea	85182300	85182300	47104913	23459873	14617514	16947118	23862980	7747822	28704788	85.99	14352394.0	11931490.0	3873911.0
SRR12223715_SRP271933_Undaria_pinnatifida_individual_31_2017-04-04_CUL_Kr_Wando2017_6_South_Korea	81804068	81804068	54178692	15522073	12103303	23535754	10243720	10854232	40187924	93.74	20093962.0	5121860.0	5427116.0
SRR12223716_SRP271933_Undaria_pinnatifida_individual_4_2016-04-19_INTRO_Fr_Roscoff_4_France	79667515	79667515	48801470	18096000	12770045	21555847	9006411	9461734	36023101	94.35	18011550.5	4503205.5	4730867.0
SRR12223717_SRP271933_Undaria_pinnatifida_individual_30_2017-04-04_CUL_Kr_Wando2017_5_South_Korea	66901662	66901662	39888239	15373760	11639663	16668811	10256124	7944457	28238275	92.33	14119137.5	5128062.0	3972228.5
SRR12223718_SRP271933_Undaria_pinnatifida_individual_29_2017-04-04_CUL_Kr_Wando2017_4_South_Korea	83148832	83148832	51481950	18156039	13510843	21449646	11790400	10141107	38133101	92.91	19066550.5	5895200.0	5070553.5
SRR12223719_SRP271933_Undaria_pinnatifida_individual_28_2017-04-04_CUL_Kr_Wando2017_3_South_Korea	76597037	76597037	47770569	16677104	12149364	20216888	9686351	9563873	35857138	93.68	17928569.0	4843175.5	4781936.5
SRR12223720_SRP271933_Undaria_pinnatifida_individual_27_2017-04-04_CUL_Kr_Wando2017_2_South_Korea	84809544	84809544	52122125	18425046	14262373	22145689	10326227	10994275	38632370	93.91	19316185.0	5163113.5	5497137.5
SRR12223721_SRP271933_Undaria_pinnatifida_individual_26_2017-04-04_CUL_Kr_Wando2017_1_South_Korea	73901781	73901781	43478290	17560844	12862647	18315841	9128723	8942264	32253911	93.82	16126955.5	4564361.5	4471132.0
SRR12223722_SRP271933_Undaria_pinnatifida_individual_25_2015-01-23_CUL_Kr_Wando2015_4_South_Korea	74673328	74673328	41034230	20035353	13603745	16997488	12693394	7810075	27570015	91.5	13785007.5	6346697.0	3905037.5
SRR12223723_SRP271933_Undaria_pinnatifida_individual_24_2015-01-23_CUL_Kr_Wando2015_3_South_Korea	79334066	79334066	45340720	20081635	13911711	20315727	7927790	8900743	33221453	95.0	16610726.5	3963895.0	4450371.5
SRR12223724_SRP271933_Undaria_pinnatifida_individual_23_2015-01-23_CUL_Kr_Wando2015_2_South_Korea	77695129	77695129	41432697	21717364	14545068	18015077	8341706	8274261	30219273	94.63	15109636.5	4170853.0	4137130.5
SRR12223725_SRP271933_Undaria_pinnatifida_individual_22_2015-01-23_CUL_Kr_Wando2015_1_South_Korea	87001570	87001570	44458743	25432961	17109866	19252306	9636308	8865660	31910906	94.46	15955453.0	4818154.0	4432830.0
SRR12223726_SRP271933_Undaria_pinnatifida_individual_21_2017-01-09_INTRO_NZ_Well2017_7_New_Zealand	77695656	77695656	43826549	20323114	13545993	17905148	12065335	8489516	31287951	92.24	15643975.5	6032667.5	4244758.0
SRR12223727_SRP271933_Undaria_pinnatifida_individual_3_2016-04-19_INTRO_Fr_Roscoff_3_France	88713854	88713854	53733069	21143946	13836839	23972308	8987574	10403055	40130893	94.93	20065446.5	4493787.0	5201527.5
SRR12223728_SRP271933_Undaria_pinnatifida_individual_20_2017-01-09_INTRO_NZ_Well2017_6_New_Zealand	92493604	92493604	53388027	23603466	15502111	22375736	12628837	10859667	38536078	93.17	19268039.0	6314418.5	5429833.5
SRR12223729_SRP271933_Undaria_pinnatifida_individual_19_2017-01-09_INTRO_NZ_Well2017_5_New_Zealand	96438520	96438520	58178813	22997068	15262639	23655717	15939385	11381311	41725496	91.74	20862748.0	7969692.5	5690655.5
SRR12223730_SRP271933_Undaria_pinnatifida_individual_18_2017-01-09_INTRO_NZ_Well2017_4_New_Zealand	88613587	88613587	58247160	17866326	12500101	24816757	11479099	11731229	43650478	93.52	21825239.0	5739549.5	5865614.5
SRR12223731_SRP271933_Undaria_pinnatifida_individual_17_2017-01-09_INTRO_NZ_Well2017_3_New_Zealand	81538630	81538630	45329090	21335230	14874310	18712070	10437563	9504689	33291788	93.6	16645894.0	5218781.5	4752344.5
SRR12223732_SRP271933_Undaria_pinnatifida_individual_16_2017-01-09_INTRO_NZ_Well2017_2_New_Zealand	68640489	68640489	41664861	15941127	11034501	17096142	11046811	8232687	29857940	91.95	14928970.0	5523405.5	4116343.5
SRR12223733_SRP271933_Undaria_pinnatifida_individual_15_2017-01-09_INTRO_NZ_Well2017_1_New_Zealand	76339085	76339085	41959600	20142420	14237065	17062195	10207240	8940929	30646641	93.31	15323320.5	5103620.0	4470464.5
SRR12223734_SRP271933_Undaria_pinnatifida_individual_14_1987-08-14_INTRO_NZ_Well1987_2_New_Zealand	115952569	115952569	14138073	70567455	31247041	642736	21013917	2647762	3328995	90.94	1664497.5	10506958.5	1323881.0
SRR12223735_SRP271933_Undaria_pinnatifida_individual_13_1987-08-14_INTRO_NZ_Well1987_1_New_Zealand	101549531	101549531	29153219	46402919	25993393	492252	53108064	1919958	2293912	73.85	1146956.0	26554032.0	959979.0
SRR12223736_SRP271933_Undaria_pinnatifida_individual_12_2016-01-12_INTRO_NZ_Lyall_2_New_Zealand	155861446	155861446	87532030	40281616	28047800	32551601	36676676	16577408	56706774	88.23	28353387.0	18338338.0	8288704.0
SRR12223738_SRP271933_Undaria_pinnatifida_individual_2_2016-04-19_INTRO_Fr_Roscoff_2_France	90281249	90281249	56856275	19794363	13630611	25179929	10113956	11238664	42000072	94.4	21000036.0	5056978.0	5619332.0
SRR12223739_SRP271933_Undaria_pinnatifida_individual_1_2016-04-19_INTRO_Fr_Roscoff_1_France	27734697	27734697	17010082	6439350	4285265	7622987	2717375	3306188	12750627	95.1	6375313.5	1358687.5	1653094.0
SRR12750384_SRP271933_Undaria_pinnatifida__2015-01-23_Undaria_pinnatifida_gDNA_GCCAAT_L007_South_Korea	105025951	105025951	61081564	25554820	18389567	25765568	11272427	12832205	46527360	94.63	23263680.0	5636213.5	6416102.5
